0 126 126
1 150 50
2 355 50 
3 560 50
10 765 50
5 970 50
6 970 215
7 970 380
8 940 550
9 970 628
4 900 640
11 44 164
13 44 348
14 44 532
15 40 716
16 244 727
17 408 727
18 612 727
19 800 685
20 855 727
33 345 290
23 526 228
24 660 285
25 750 440
26 840 500
29 362 482
30 487 545
31 650 550
32 740 585
connections
0 1
1 2
2 3
3 10
10 5
5 6
6 7
7 8
8 9
9 4
0 11
11 13
13 14
14 15
15 16
16 17
17 18
18 19
19 20
0 33
33 23
23 24
24 25
25 26
26 8
8 4
33 29
29 30
31 32
32 19
19 4
paths
0 1 2 3 10 5 6 7 8 9 4
0 11 13 14 15 16 17 18 19 20 4
0 33 23 24 25 26 8 4
0 33 29 30 31 32 19 4